39 36 14 10 8 2010
58 1 6 24 691 60 19 58 28 45 6 2 1 5 69 24 43
21 2 2010
11 8 2012
12 8 2012
1 8 2012
11 9 2012
11 9 2013
15 9 2013
30 9 2013
4 6 20 32 41 53 63 77 85 86 90 91 99 124 126 129 152 161 163 183 185 197 213 214 224 229 231 242 245 253 258 269 299 312 327 336 344 348 360 372 392 402 404 407 413 415 456 459 470 477 483 498 512 529 535 543 548 549 555 558 575 627 670 690 696 699 714 722 723 727 731 734 743 763 765 772 791 793 810 833 854 859 868 891 913 921 935 939 983 995 998 1007 1028 1036 1043 1053 1062 1066 1075 1081 1084 1107 1110 1114 1116 1123 1152 1165 1179 1184 1191 1206 1212 1227 1229 1238 1241 1260 1270 1275 1283 1286 1303 1312 1318 1320 1321 1342 1349 1372 1376 1391 1398 1400 1402 1423 1467 1493 1498 1505 1506 1532 1534 1551 1557 1588 1597 1598 1599 1601 1609 1616 1638 1640 1651 1659 1674 1687 1707 1724 1743 1744 1746 1747 1751 1760 1784 1789 1794 1800 1827 1832 1841 1854 1858 1867 1889 1898 1900 1910 1922 1928 1986 1987 1991 1992 2002 2007 2029 2031 2034 2045 2063 2081 2086 2087 2129 2138 2151 2162 2172 2186 2189 2193 2200 2214 2215 2217 2218 2221 2222 2246 2252 2260 2272 2279 2288 2309 2311 2337 2361 2372 2374 2387 2393 2408 2410 2419 2425 2437 2438 2453 2456 2468 2478 2485 2488 2496 2509 2517 2521 2552 2554 2555 2572 2597 2611 2615 2639 2645 2653 2663 2673 2704 2716 2727 2734 2743 2745 2747 2766 2768 2786 2796 2800 2842 2849 2856 2864 2865 2879 2886 2893 2897 2918 2939 2944 2952 2953 2958 2971 2977 2979 2990 3000 3003 3004 3027 3033 3034 3049 3054 3133 3136 3145 3152 3158 3169 3174 3190 3194 3209 3210 3229 3235 3238 3250 3253 3254 3259 3276 3286 3291 3301 3306 3314 3323 3338 3342 3356 3388 3399 3402 3417 3438 3472 3484 3493 3500 3502 3510 3515 3519 3528 3536 3542 3560 3573 3596 3620 3621 3629 3634 3651 3667 3675 3676 3685 3705 3707 3713 3720 3727 3739 3754 3755 3771 3772 3788 3798 3811 3823 3831 3834 3837 3848 3853 3854 3868 3871 3878 3915 3919 3926 3929 3940 3946 3965 3985 3989 4006 4008 4018 4024 4029 4034 4044 4047 4051 4065 4082 4101 4109 4123 4130 4137 4139 4144 4152 4171 4180 4192 4197 4199 4222 4229 4234 4239 4242 4251 4256 4266 4279 4283 4292 4300 4304 4306 4315 4322 4355 4358 4366 4373 4388 4396 4397 4406 4423 4436 4438 4450 4454 4464 4484 4500 4509 4510 4532 4537 4554 4569 4573 4583 4588 4608 4621 4630 4637 4644 4648 4665 4668 4691 4700 4705 4717 4725 4734 4736 4745 4761 4786 4791 4813 4842 4887 4926 4930 4939 4963 4980 4981 4991 5003 5016 5017 5023 5044 5047 5064 5070 5075 5078 5081 5087 5088 5124 5145 5146 5155 5177 5204 5206 5217 5233 5238 5245 5249 5268 5279 5280 5294 5304 5318 5322 5337 5348 5349 5362 5385 5389 5407 5412 5430 5432 5442 5451 5486 5499 5504 5515 5516 5534 5540 5544 5546 5548 5550 5553 5563 5565 5569 5576 5579 5593 5594 5610 5628 5640 5652 5665 5671 5672 5681 5688 5690 5703 5711 5722 5737 5743 5750 5766 5786 5787 5793 5796 5798 5806 5808 5819 5821 5830 5834 5836 5861 5865 5870 5879 5928 5934 5935 5967 5968 5976 5983 5990 5991 5997 6004 6005 6036 6045 6054 6064 6072 6077 6081 6114 6143 6150 6173 6185 6192 6195 6199 6201 6214 6220 6227 6239 6247 6253 6256 6281 6283 6301 6308 6309 6310 6312 6315 6346 6347 6357 6358 6383 6390 6393 6400 6402 6418 6430 6471 6474 6475 6482 6486 6487 6497 6502 6529 6562 6600 6607 6616 6630 6635 6642 6647 6660 6662 6667 6689 6694 6705 6706 6720 6736 6738 6742 6747 6750 6754 6756 6768 6785 6786 6791 6803 6813 6823 6836 6852 6859 6860 6871 6885 6905 6914 6916 6930 6932 6958 6960 6966 6971 6995 6998 7007 7012 7034 7036 7038 7039 7041 7044 7047 7054 7075 7077 7085 7091 7094 7095 7099 7103 7113 7120 7123 7126 7132 7134 7143 7150 7151 7154 7162 7169 7175 7183 7198 7216 7225 7228 7241 7242 7254 7263 7286 7299 7306 7328 7335 7339 7346 7355 7357 7365 7378 7382 7387 7401 7408 7409 7422 7429 7436 7440 7483 7486 7493 7501 7507 7524 7541 7555 7559 7568 7576 7579 7583 7585 7587 7588 7590 7592 7593 7609 7611 7615 7637 7641 7645 7647 7650 7658 7661 7667 7672 7673 7684 7692 7698 7705 7712 7714 7715 7740 7773 7794 7799 7801 7807 7810 7817 7819 7844 7873 7880 7883 7904 7952 7979 7984 7993 8004 8044 8056 8063 8064 8066 8067 8074 8096 8098 8116 8121 8133 8140 8141 8157 8171 8184 8204 8206 8209 8218 8226 8232 8246 8255 8264 8273 8299 8311 8320 8321 8326 8331 8336 8339 8353 8354 8361 8372 8381 8383 8385 8397 8402 8425 8431 8438 8456 8457 8505 8526 8545 8547 8561 8597 8602 8608 8626 8641 8645 8649 8661 8666 8672 8675 8680 8689 8703 8716 8719 8724 8733 8740 8748 8758 8765 8788 8789 8795 8827 8831 8838 8866 8868 8880 8886 8894 8897 8946 8948 8958 8973 8974 8977 8992 8994 9009 9032 9037 9041 9047 9051 9069 9108 9115 9120 9157 9163 9169 9195 9205 9206 9238 9239 9252 9269 9282 9285 9296 9301 9351 9356 9357 9363 9366 9370 9371 9374 9382 9392 9412 9414 9418 9462 9466 9467 9482 9486 9488 9497 9501 9502 9505 9511 9513 9531 9543 9551 9570 9571 9600 9625 9634 9636 9649 9653 9672 9677 9680 9684 9686 9692 9699 9704 9711 9726 9730 9731 9736 9752 9758 9771 9772 9776 9785 9790 9795 9796 9809 9823 9845 9853 9870 9876 9878 9898 9905 9912 9914 9915 9928 9939 9948 9969 9996 9997 9999 10000 10014 10019 10023 10026 10044 10061 10062 10073 10080 10089 10093 10100 10123 10129 10130 10168 10172 10181 10185 10187 10193 10200 10207 10220 10224 10252 10256 10264 10273 10282 10291 10293 10303 10307 10350 10387 10411 10424 10428 10435 10438 10441 10445 10462 10476 10479 10496 10498 10506 10519 10545 10548 10555 10575 10576 10584 10613 10630 10633 10644 10659 10672 10681 10683 10686 10688 10691 10698 10703 10705 10713 10725 10735 10742 10745 10746 10759 10811 10819 10849 10883 10886 10893 10897 10903 10905 10906 10909 10916 10920 10935 10959 10977 10980 10983 10986 10990 10994 11009 11018 11058 11095 11098 11113 11119 11124 11128 11131 11133 11134 11146 11157 11169 11178 11182 11195 11203 11222 11239 11246 11247 11252 11279 11284 11295 11298 11306 11309 11311 11314 11323 11325 11340 11344 11367 11368 11390 11396 11405 11439 11445 11447 11468 11512 11520 11531 11532 11534 11537 11554 11559 11564 11575 11591 11592 11602 11610 11612 11620 11633 11636 11676 11708 11710 11718 11727 11734 11735 11737 11749 11750 11751 11778 11787 11789 11791 11793 11797 11798 11816 11828 11832 11834 11836 11873 11878 11883 11891 11896 11897 11898 11900 11906 11909 11910 11921 11940 11956 11961 11962 11971 11990 12010 12011 12018 12038 12049 12054 12060 12063 12064 12070 12075 12081 12084 12089 12096 12097 12128 12135 12154 12170 12186 12205 12220 12225 12233 12251 12257 12260 12283 12285 12286 12288 12292 12299 12302 12316 12318 12334 12337 12346 12372 12376 12397 12401 12404 12406 12408 12422 12465 12469 12473 12481 12502 12508 12509 12519 12525 12532 12538 12541 12551 12557 12559 12563 12569 12574 12581 12582 12597 12599 12603 12616 12619 12632 12645 12646 12652 12660 12661 12663 12664 12669 12670 12678 12680 12689 12704 12708 12711 12728 12738 12758 12761 12764 12765 12775 12825 12827 12830 12833 12850 12862 12868 12904 12905 12910 12912 12924 12936 12942 12954 12955 12967 12974 12975 12977 12979 12981 12992 12995 13010 13022 13029 13034 13084 13088 13094 13119 13120 13137 13160 13171 13175 13187 13195 13199 13220 13248 13279 13284 13295 13296 13297 13318 13325 13343 13344 13361 13377 13378 13383 13399 13405 13408 13409 13415 13437 13455 13466 13473 13481 13484 13491 13501 13505 13511 13514 13518 13520 13526 13527 13532 13534 13539 13558 13559 13572 13577 13580 13598 13599 13632 13640 13656 13662 13666 13669 13701 13722 13726 13737 13738 13748 13749 13750 13755 13758 13761 13782 13788 13804 13808 13821 13828 13838 13851 13854 13864 13889 13890 13891 13897 13932 13941 13950 13960 13961 13996 14004 14006 14012 14016 14026 14044 14046 14050 14063 14094 14096 14113 14120 14126 14128 14162 14165 14180 14182 14184 14208 14210 14221 14226 14229 14233 14234 14279 14299 14310 14311 14316 14321 14347 14360 14361 14387 14388 14399 14411 14422 14424 14445 14446 14457 14477 14484 14487 14495 14516 14527 14530 14536 14547 14548 14552 14553 14556 14559 14560 14565 14584 14593 14595 14604 14613 14622 14639 14645 14647 14658 14676 14679 14682 14686 14696 14713 14725 14728 14732 14735 14736 14758 14766 14777 14789 14805 14808 14818 14819 14821 14829 14840 14858 14865 14868 14874 14875 14886 14889 14919 14928 14931 14940 14942 14955 14965 14970 14988 14998 14999 15013 15034 15043 15048 15051 15055 15064 15067 15076 15115 15133 15159 15161 15163 15184 15207 15224 15228 15250 15275 15278 15279 15292 15294 15315 15320 15333 15334 15353 15360 15362 15364 15375 15382 15385 15394 15396 15398 15453 15459 15465 15467 15480 15501 15520 15525 15530 15532 15568 15574 15576 15582 15591 15599 15607 15611 15629 15635 15658 15664 15679 15684 15686 15693 15695 15701 15711 15742 15751 15752 15767 15774 15798 15802 15805 15806 15809 15811 15816 15818 15826 15832 15837 15860 15892 15896 15898 15912 15930 15931 15934 15937 15941 15945 15957 15986 15987 15998 16003 16033 16038 16051 16074 16076 16095 16101 16108 16110 16145 16157 16158 16171 16172 16179 16180 16184 16188 16192 16196 16198 16222 16223 16226 16228 16237 16242 16256 16261 16263 16297 16311 16319 16322 16328 16337 16345 16346 16355 16367 16372 16376 16389 16391 16396 16410 16422 16445 16462 16465 16472 16475 16486 16490 16508 16514 16535 16539 16541 16547 16560 16585 16607 16613 16620 16624 16628 16632 16659 16689 16691 16695 16700 16705 16706 16713 16723 16724 16752 16757 16779 16780 16783 16789 16795 16797 16798 16799 16819 16824 16836 16843 16852 16864 16874 16877 16887 16896 16906 16917 16927 16929 16945 16985 16990 17000 17006 17007 17026 17051 17059 17066 17078 17092 17112 17128 17134 17149 17157 17158 17162 17165 17172 17177 17179 17183 17186 17192 17196 17198 17208 17209 17210 17213 17219 17222 17235 17237 17251 17262 17266 17267 17279 17282 17293 17311 17314 17321 17332 17335 17344 17351 17352 17359 17372 17384 17394 17397 17410 17421 17430 17433 17434 17435 17459 17473 17474 17475 17478 17479 17483 17489 17490 17497 17504 17509 17512 17520 17541 17543 17546 17561 17565 17579 17585 17588 17590 17602 17607 17608 17611 17625 17629 17630 17637 17639 17641 17648 17650 17652 17653 17657 17662 17666 17674 17676 17695 17705 17721 17733 17751 17756 17757 17785 17791 17793 17816 17818 17822 17840 17869 17892 17897 17902 17907 17916 17919 17920 17922 17957 17963 17976 17992 17997 18028 18031 18034 18041 18054 18061 18067 18076 18081 18088 18112 18146 18150 18161 18163 18173 18181 18198 18213 18249 18254 18275 18276 18281 18291 18300 18308 18318 18321 18333 18337 18338 18349 18364 18366 18404 18410 18417 18418 18427 18429 18454 18459 18460 18467 18478 18499 18551 18576 18578 18610 18616 18629 18633 18637 18645 18647 18659 18680 18689 18707 18723 18732 18736 18754 18771 18776 18829 18838 18845 18856 18880 18897 18904 18926 18933 18937 18940 18962 18963 18967 18974 18982 19003 19014 19016 19024 19030 19032 19043 19048 19061 19062 19069 19072 19082 19095 19118 19130 19134 19165 19166 19173 19182 19198 19207 19222 19238 19243 19264 19270 19287 19288 19293 19309 19316 19318 19330 19331 19338 19344 19351 19352 19353 19372 19378 19379 19395 19405 19408 19417 19429 19442 19454 19474 19476 19493 19499 19521 19538 19539 19545 19547 19560 19564 19573 19590 19606 19610 19627 19629 19633 19653 19657 19676 19709 19718 19725 19735 19744 19776 19779 19809 19817 19848 19866 19872 19875 19895 19897 19913 19933 19936 19937 19945 19948 19955 19970 19982 19989 20010 20035 20039 20049 20051 20057 20063 20064 20069 20075 20081 20104 20125 20146 20152 20154 20164 20168 20169 20190 20195 20204 20205 20243 20283 20287 20292 20300 20307 20340 20349 20369 20381 20386 20388 20396 20405 20422 20431 20449 20461 20462 20463 20529 20531 20551 20558 20565 20580 20589 20610 20629 20634 20638 20658 20673 20679 20691 20694 20705 20716 20726 20739 20743 20752 20755 20767 20772 20777 20790 20792 20814 20816 20820 20833 20837 20853 20882 20909 20920 20939 20944 20949 20956 20960 20976 20995 20998 21000 21002 21005 21023 21029 21041 21051 21054 21055 21068 21074 21077 21080 21095 21099 21105 21108 21125 21137 21153 21175 21183 21190 21212 21229 21237 21243 21258 21259 21266 21270 21272 21273 21285 21306 21309 21322 21326 21341 21343 21358 21362 21364 21372 21399 21406 21408 21426 21436 21454 21475 21483 21499 21509 21523 21527 21536 21540 21561 21579 21585 21587 21593 21608 21614 21630 21653 21669 21671 21672 21677 21678 21682 21692 21697 21717 21720 21748 21749 21755 21757 21785 21806 21823 21835 21836 21847 21869 21882 21884 21885 21908 21912 21915 21919 21935 21955 21957 21962 21964 21985 22002 22009 22018 22034 22038 22040 22043 22044 22047 22056 22076 22086 22096 22110 22111 22134 22135 22142 22143 22145 22153 22159 22163 22183 22184 22186 22256 22263 22272 22273 22278 22281 22284 22294 22307 22335 22336 22346 22347 22348 22351 22372 22377 22383 22398 22408 22438 22439 22452 22474 22477 22479 22487 22491 22526 22527 22531 22533 22582 22583 22591 22601 22610 22618 22620 22630 22634 22635 22636 22664 22674 22702 22719 22752 22755 22759 22764 22790 22802 22817 22818 22825 22834 22855 22878 22880 22901 22918 22934 22971 22973 22975 22993 22996 22998 23007 23009 23010 23011 23022 23055 23057 23064 23068 23075 23097 23099 23103 23104 23117 23119 23121 23163 23172 23179 23191 23192 23198 23203 23207 23209 23211 23213 23245 23286 23288 23295 23311 23315 23321 23327 23367 23379 23388 23393 23404 23405 23409 23420 23438 23439 23445 23466 23478 23484 23497 23509 23513 23518 23525 23527 23534 23538 23543 23547 23548 23551 23552 23564 23579 23581 23598 23600 23618 23645 23656 23659 23685 23720 23726 23739 23745 23749 23753 23761 23763 23774 23786 23809 23814 23831 23840 23843 23848 23853 23861 23872 23873 23885 23910 23911 23919 23924 23926 23928 23932 23933 23937 23947 23970 23971 24001 24007 24023 24031 24033 24037 24041 24042 24046 24057 24074 24077 24092 24094 24109 24112 24116 24118 24119 24126 24132 24149 24169 24186 24191 24208 24213 24216 24219 24226 24228 24236 24242 24250 24261 24286 24294 24307 24315 24318 24321 24341 24372 24373 24377 24441 24449 24453 24456 24496 24497 24501 24502 24505 24518 24523 24547 24561 24562 24568 24570 24571 24582 24591 24602 24620 24623 24636 24640 24648 24649 24666 24669 24685 24735 24745 24766 24767 24776 24788 24792 24814 24838 24844 24855 24856 24880 24887 24888 24903 24921 24960 24968 24997 24998 25013 25016 25024 25028 25030 25038 25051 25054 25056 25057 25067 25073 25076 25079 25096 25101 25124 25137 25177 25203 25209 25218 25224 25238 25239 25245 25267 25277 25296 25298 25305 25310 25313 25319 25321 25322 25334 25335 25339 25342 25347 25351 25365 25368 25370 25371 25408 25412 25414 25423 25461 25485 25487 25490 25494 25495 25507 25509 25526 25537 25538 25556 25557 25584 25613 25614 25622 25627 25628 25636 25640 25642 25645 25651 25668 25669 25672 25686 25719 25720 25733 25747 25748 25757 25777 25809 25811 25822 25837 25849 25857 25859 25863 25869 25888 25889 25891 25893 25900 25903 25906 25909 25918 25921 25944 25952 25954 25957 25975 25985 25990 25996 26007 26030 26035 26072 26079 26083 26092 26099 26106 26126 26128 26135 26140 26154 26156 26164 26166 26247 26280 26284 26285 26294 26299 26302 26314 26319 26331 26345 26372 26385 26388 26389 26391 26405 26431 26445 26446 26469 26475 26483 26514 26527 26529 26531 26535 26547 26568 26595 26604 26607 26614 26630 26640 26659 26679 26685 26687 26697 26698 26711 26714 26717 26718 26723 26737 26760 26763 26788 26790 26791 26815 26816 26826 26840 26843 26848 26850 26853 26859 26886 26893 26896 26914 26919 26934 26942 26951 26962 26970 26975 26979 27007 27033 27034 27037 27056 27065 27071 27072 27087 27089 27112 27114 27116 27143 27152 27153 27154 27170 27176 27185 27197 27199 27202 27209 27213 27228 27233 27235 27241 27247 27272 27275 27279 27281 27299 27339 27346 27398 27402 27404 27411 27438 27446 27450 27452 27489 27507 27522 27529 27532 27568 27580 27582 27586 27589 27592 27601 27611 27620 27621 27625 27626 27642 27646 27647 27664 27666 27682 27692 27704 27711 27742 27754 27756 27759 27763 27783 27788 27797 27813 27838 27850 27854 27858 27864 27871 27879 27908 27910 27911 27931 27934 27940 27954 27965 27974 27984 28012 28020 28037 28041 28044 28046 28049 28068 28076 28085 28094 28102 28105 28113 28126 28137 28153 28189 28195 28222 28240 28248 28260 28264 28274 28302 28307 28318 28319 28322 28323 28324 28330 28337 28342 28361 28364 28376 28380 28416 28417 28446 28454 28461 28472 28478 28482 28493 28502 28509 28510 28518 28527 28528 28530 28535 28554 28570 28571 28586 28592 28595 28598 28612 28628 28632 28657 28672 28678 28686 28688 28710 28722 28776 28779 28781 28783 28790 28804 28808 28820 28840 28842 28854 28867 28871 28873 28875 28876 28885 28888 28917 28955 28960 28966 28988 28996 29011 29015 29022 29060 29061 29067 29072 29073 29076 29079 29095 29105 29113 29124 29131 29140 29159 29166 29169 29170 29175 29187 29216 29233 29236 29242 29250 29281 29288 29290 29310 29341 29346 29347 29348 29353 29368 29377 29378 29400 29401 29432 29434 29449 29470 29478 29485 29486 29487 29498 29509 29526 29528 29559 29579 29589 29592 29596 29597 29600 29602 29607 29613 29629 29637 29642 29663 29668 29675 29687 29688 29690 29696 29712 29713 29715 29727 29737 29746 29753 29770 29780 29791 29793 29794 29813 29841 29843 29844 29856 29868 29873 29875 29878 29879 29882 29891 29904 29905 29954 29962 29965 29966 29969 30041 30052 30076 30079 30080 30085 30092 30093 30094 30107 30114 30151 30158 30160 30165 30175 30191 30194 30204 30208 30215 30220 30227 30234 30246 30264 30269 30276 30284 30286 30288 30291 30296 30324 30330 30356 30365 30390 30403 30407 30419 30443 30455 30458 30460 30468 30469 30475 30483 30486 30489 30493 30499 30516 30539 30545 30571 30597 30603 30605 30610 30611 30622 30624 30642 30643 30660 30666 30680 30691 30695 30708 30711 30712 30726 30746 30753 30761 30768 30773 30787 30791 30820 30836 30842 30846 30851 30858 30860 30863 30886 30912 30942 30945 30946 30950 30951 30959 30982 30993 31007 31013 31015 31027 31034 31037 31040 31049 31051 31070 31073 31074 31080 31090 31092 31093 31101 31105 31115 31118 31134 31152 31164 31172 31174 31194 31210 31229 31237 31246 31261 31270 31281 31293 31295 31311 31321 31333 31336 31338 31340 31342 31347 31362 31397 31423 31433 31441 31450 31452 31476 31483 31485 31508 31522 31538 31545 31547 31561 31567 31568 31587 31602 31615 31629 31633 31637 31644 31646 31657 31658 31681 31692 31704 31705 31706 31716 31717 31721 31735 31741 31761 31762 31766 31778 31780 31790 31804 31833 31835 31843 31852 31891 31910 31916 31956 31969 31970 31980 31985 31999 32012 32013 32028 32034 32037 32040 32051 32056 32074 32075 32094 32096 32103 32107 32109 32113 32117 32120 32123 32135 32144 32155 32167 32189 32205 32232 32243 32245 32255 32256 32259 32268 32270 32286 32311 32318 32339 32340 32344 32346 32349 32353 32369 32372 32382 32395 32396 32406 32416 32417 32427 32431 32433 32434 32438 32446 32460 32466 32489 32494 32496 32507 32518 32552 32554 32565 32572 32578 32596 32601 32613 32623 32625 32646 32648 32657 32660 32666 32667 32709 32724 32729 32757 32783 32788 32794 32797 32801 32803 32814 32827 32853 32856 32858 32868 32901 32916 32918 32919 32924 32940 32961 32974 32976 32983 32985 32993 33003 33010 33015 33019 33030 33039 33043 33047 33059 33068 33078 33099 33136 33143 33149 33173 33195 33196 33206 33235 33238 33240 33261 33263 33272 33320 33324 33339 33344 33351 33383 33397 33403 33418 33437 33443 33455 33462 33481 33483 33485 33487 33509 33517 33527 33528 33529 33536 33559 33574 33584 33591 33606 33607 33618 33626 33629 33654 33661 33671 33683 33690 33723 33729 33749 33751 33763 33771 33780 33782 33801 33804 33819 33842 33849 33852 33855 33870 33878 33920 33930 33952 33958 34028 34038 34044 34054 34056 34059 34066 34069 34094 34102 34104 34107 34109 34116 34119 34153 34166 34171 34192 34204 34207 34212 34229 34235 34241 34258 34268 34276 34283 34299 34304 34330 34357 34360 34368 34373 34400 34402 34408 34426 34454 34457 34464 34487 34492 34502 34523 34575 34584 34602 34606 34626 34632 34638 34659 34663 34665 34686 34690 34692 34699 34704 34718 34733 34744 34756 34765 34767 34781 34782 34785 34793 34802 34804 34805 34814 34821 34822 34842 34843 34858 34878 34892 34903 34969 34970 34994 34996 35013 35019 35025 35026 35035 35048 35053 35062 35077 35084 35103 35124 35131 35138 35145 35156 35164 35185 35200 35216 35223 35239 35240 35242 35243 35252 35270 35282 35283 35292 35299 35305 35321 35325 35329 35364 35377 35382 35384 35389 35390 35391 35394 35398 35440 35445 35455 35465 35467 35482 35494 35512 35518 35521 35530 35542 35545 35559 35567 35595 35607 35620 35632 35658 35674 35684 35705 35709 35726 35730 35739 35753 35766 35771 35775 35777 35780 35804 35807 35823 35838 35839 35841 35844 35848 35863 35873 35903 35905 35927 35929 35933 35938 35945 35974 35995 36003 36008 36015 36026 36032 36040 36041 36044 36066 36069 36088 36113 36132 36139 36140 36142 36147 36162 36175 36176 36185 36190 36191 36196 36203 36225 36232 36240 36264 36281 36301 36305 36308 36310 36311 36313 36316 36333 36346 36398 36411 36428 36436 36441 36470 36477 36486 36500 36516 36542 36552 36562 36566 36568 36575 36576 36577 36584 36594 36598 36606 36617 36625 36637 36642 36666 36680 36699 36702 36725 36728 36732 36734 36738 36750 36755 36765 36771 36773 36778 36785 36787 36808 36836 36849 36863 36872 36908 36913 36917 36918 36945 36949 36965 36973 36976 37009 37018 37024 37035 37037 37040 37044 37064 37092 37107 37118 37140 37143 37151 37159 37179 37184 37188 37201 37211 37223 37229 37237 37246 37251 37273 37279 37283 37285 37308 37325 37326 37340 37360 37366 37368 37380 37383 37386 37387 37398 37399 37403 37407 37411 37413 37416 37429 37431 37443 37444 37450 37459 37462 37478 37486 37501 37502 37509 37512 37520 37524 37538 37540 37572 37574 37576 37578 37603 37637 37643 37650 37653 37657 37665 37680 37696 37708 37712 37718 37736 37740 37743 37745 37746 37747 37755 37764 37769 37772 37783 37790 37806 37815 37818 37834 37847 37863 37877 37890 37908 37923 37965 38013 38028 38029 38034 38036 38042 38047 38067 38072 38085 38092 38096 38100 38107 38117 38154 38166 38182 38189 38192 38207 38211 38224 38230 38231 38250 38254 38266 38278 38297 38303 38312 38313 38314 38316 38326 38327 38330 38341 38351 38357 38383 38393 38413 38429 38444 38448 38454 38459 38476 38479 38492 38493 38518 38522 38527 38530 38537 38561 38564 38577 38578 38584 38585 38588 38592 38597 38614 38642 38661 38675 38676 38681 38700 38701 38708 38709 38744 38747 38753 38756 38758 38759 38760 38781 38784 38796 38800 38814 38840 38856 38858 38861 38870 38872 38879 38885 38897 38909 38911 38916 38918 38925 38932 38947 38991 38994 39022 39033 39041 39058 39065 39072 39074 39075 39110 39112 39123 39127 39133 39143 39144 39150 39156 39163 39164 39174 39185 39193 39205 39210 39215 39229 39239 39245 39308 39312 39313 39315 39325 39343 39344 39357 39367 39381 39400 39404 39413 39424 39433 39452 39476 39478 39492 39503 39522 39536 39599 39603 39605 39620 39627 39630 39635 39639 39656 39661 39682 39688 39698 39702 39709 39712 39716 39736 39740 39771 39772 39777 39791 39794 39802 39812 39828 39829 39834 39843 39848 39869 39874 39876 39877 39898 39912 39914 39922 39928 39943 39947 39953 39955 39983 39985 39992 39997 40010 40019 40022 40023 40026 40039 40042 40047 40064 40085 40099 40104 40105 40106 40122 40143 40146 40164 40175 40212 40213 40244 40248 40253 40264 40282 40284 40288 40291 40294 40342 40344 40357 40364 40377 40378 40399 40407 40425 40427 40441 40450 40471 40474 40475 40483 40484 40487 40490 40519 40529 40543 40544 40572 40580 40581 40589 40594 40598 40606 40630 40641 40657 40660 40671 40673 40677 40680 40684 40716 40731 40743 40760 40773 40775 40794 40796 40800 40822 40825 40846 40852 40858 40861 40891 40916 40925 40960 40962 40981 40986 40991 40992 40999 41017 41020 41030 41041 41052 41054 41058 41074 41092 41102 41105 41128 41136 41143 41154 41168 41171 41173 41184 41185 41188 41206 41214 41216 41220 41226 41227 41239 41243 41263 41266 41298 41307 41326 41330 41333 41350 41363 41364 41401 41409 41416 41419 41447 41450 41453 41479 41495 41499 41516 41533 41540 41564 41571 41578 41588 41592 41597 41609 41618 41631 41636 41638 41641 41648 41650 41670 41686 41707 41715 41735 41754 41771 41777 41782 41792 41812 41817 41853 41858 41863 41867 41869 41874 41881 41894 41912 41913 41920 41921 41931 41932 41947 41965 41972 41986 42016 42042 42049 42067 42087 42093 42094 42128 42132 42139 42146 42151 42171 42176 42178 42179 42186 42220 42237 42242 42262 42268 42284 42285 42298 42303 42304 42314 42320 42329 42331 42335 42356 42359 42365 42381 42386 42403 42409 42419 42438 42444 42451 42456 42474 42478 42480 42487 42502 42519 42522 42531 42532 42546 42562 42574 42579 42583 42611 42613 42622 42638 42639 42673 42688 42722 42738 42749 42753 42755 42768 42790 42826 42862 42875 42876 42898 42930 42936 42939 42945 42949 42958 42960 42962 42972 42981 42992 43017 43018 43030 43031 43037 43045 43095 43105 43109 43121 43126 43128 43129 43131 43134 43136 43140 43146 43156 43163 43180 43192 43196 43200 43221 43228 43249 43254 43278 43288 43300 43303 43307 43323 43326 43329 43372 43385 43398 43431 43436 43443 43449 43457 43459 43462 43476 43496 43497 43498 43525 43532 43539 43549 43551 43557 43603 43604 43608 43622 43636 43640 43657 43678 43704 43705 43715 43721 43729 43737 43745 43747 43764 43765 43788 43795 43802 43810 43832 43838 43843 43849 43850 43866 43869 43872 43882 43884 43885 43886 43894 43906 43911 43927 43940 43952 43956 43961 43962 43985 43997 44001 44011 44023 44030 44043 44058 44061 44062 44069 44073 44094 44095 44099 44109 44111 44134 44161 44173 44180 44188 44192 44193 44195 44198 44227 44239 44257 44261 44263 44278 44280 44301 44305 44321 44324 44358 44362 44363 44364 44367 44386 44394 44398 44400 44402 44434 44444 44449 44452 44460 44470 44479 44497 44501 44507 44517 44527 44534 44542 44543 44547 44553 44554 44558 44576 44577 44592 44600 44604 44610 44612 44630 44655 44675 44677 44692 44700 44704 44726 44732 44739 44750 44767 44781 44790 44801 44808 44821 44852 44867 44868 44904 44909 44911 44914 44921 44922 44928 44936 44940 44944 44984 44995 45003 45010 45022 45032 45036 45044 45046 45067 45155 45160 45180 45204 45215 45220 45273 45274 45285 45286 45289 45290 45298 45300 45301 45326 45342 45346 45353 45355 45377 45386 45388 45410 45414 45416 45430 45483 45489 45500 45511 45534 45536 45537 45539 45549 45561 45567 45581 45592 45598 45636 45643 45649 45654 45657 45702 45713 45721 45725 45726 45742 45749 45756 45764 45782 45784 45792 45806 45812 45813 45815 45840 45841 45850 45857 45861 45866 45881 45895 45898 45909 45942 45943 45953 45959 45970 45974 45978 45981 45982 45984 45986 45991 46006 46021 46026 46027 46038 46044 46052 46054 46055 46060 46069 46082 46095 46102 46105 46110 46135 46152 46157 46167 46168 46206 46210 46214 46230 46232 46244 46251 46279 46319 46321 46352 46354 46358 46378 46380 46415 46420 46421 46441 46462 46487 46493 46500 46509 46518 46528 46530 46548 46551 46580 46597 46616 46649 46653 46682 46706 46730 46736 46738 46739 46761 46767 46778 46781 46793 46802 46804 46816 46817 46818 46824 46825 46826 46831 46847 46855 46861 46865 46870 46881 46888 46894 46898 46899 46917 46923 46926 46937 46951 46952 46954 46961 46977 46979 46984 46991 46997 47011 47046 47047 47048 47072 47103 47108 47110 47112 47115 47120 47121 47125 47126 47138 47150 47169 47188 47194 47205 47210 47225 47240 47241 47243 47244 47247 47291 47301 47308 47311 47319 47326 47339 47349 47353 47354 47380 47385 47415 47418 47424 47428 47435 47444 47457 47482 47486 47492 47501 47502 47528 47529 47532 47537 47553 47557 47566 47581 47596 47599 47603 47623 47634 47637 47651 47713 47752 47759 47768 47775 47795 47812 47815 47820 47827 47829 47846 47879 47885 47897 47905 47907 47913 47923 47924 47929 47930 47932 47933 47958 47959 47971 47985 48006 48010 48011 48012 48026 48029 48030 48034 48042 48062 48068 48074 48079 48080 48087 48122 48144 48160 48161 48171 48180 48182 48188 48194 48205 48208 48220 48232 48240 48243 48250 48288 48296 48300 48303 48312 48329 48335 48344 48351 48360 48411 48414 48427 48429 48433 48440 48460 48484 48485 48495 48513 48525 48536 48549 48550 48559 48586 48591 48600 48601 48604 48616 48621 48622 48631 48633 48672 48673 48675 48688 48703 48706 48721 48738 48745 48748 48751 48756 48758 48768 48771 48773 48783 48790 48791 48819 48844 48855 48859 48865 48867 48872 48876 48880 48888 48921 48923 48924 48937 48954 48963 48981 48990 48994 49004 49008 49015 49020 49045 49070 49071 49072 49073 49105 49112 49141 49153 49196 49207 49221 49226 49236 49245 49262 49297 49299 49300 49301 49318 49326 49331 49333 49334 49342 49354 49360 49362 49371 49382 49385 49398 49424 49430 49436 49451 49456 49457 49469 49503 49514 49520 49538 49539 49544 49545 49550 49569 49572 49578 49585 49605 49609 49611 49612 49614 49619 49620 49632 49634 49643 49651 49660 49674 49682 49689 49696 49705 49745 49762 49783 49801 49808 49811 49825 49843 49847 49848 49851 49858 49861 49863 49866 49869 49889 49893 49905 49907 49913 49920 49926 49931 49933 49945 49947 49956 49957 49966 49989 49992 49997 50005 50007 50011 50016 50017 50044 50045 50056 50063 50066 50070 50072 50077 50078 50082 50089 50090 50133 50143 50149 50161 50168 50169 50172 50176 50180 50187 50190 50195 50196 50208 50213 50215 50216 50238 50242 50259 50263 50268 50270 50281 50293 50305 50308 50309 50323 50328 50340 50346 50347 50351 50366 50376 50382 50389 50411 50417 50419 50433 50438 50444 50451 50458 50459 50462 50463 50472 50476 50481 50500 50529 50545 50577 50579 50583 50589 50590 50593 50594 50608 50625 50629 50633 50652 50653 50656 50666 50683 50686 50691 50698 50705 50713 50719 50736 50738 50762 50765 50777 50789 50797 50806 50825 50843 50882 50900 50909 50927 50943 50950 50954 50956 50970 50986 50996 50998 51001 51002 51007 51009 51013 51023 51027 51034 51036 51039 51050 51051 51057 51061 51065 51066 51069 51080 51085 51110 51132 51133 51142 51188 51191 51202 51204 51209 51221 51231 51235 51236 51255 51271 51282 51283 51297 51304 51310 51315 51343 51345 51355 51362 51372 51409 51413 51429 51440 51441 51442 51450 51470 51474 51476 51477 51478 51500 51513 51518 51524 51532 51538 51539 51542 51545 51556 51565 51567 51610 51618 51622 51632 51683 51696 51705 51709 51711 51719 51730 51742 51744 51748 51753 51770 51785 51790 51794 51800 51819 51836 51847 51849 51851 51874 51891 51893 51894 51909 51913 51937 51951 51952 51957 51969 52002 52010 52011 52014 52021 52040 52061 52063 52065 52078 52081 52083 52109 52120 52123 52131 52158 52159 52162 52177 52222 52223 52229 52232 52241 52248 52250 52254 52257 52258 52260 52281 52283 52290 52294 52306 52315 52326 52336 52337 52338 52350 52361 52368 52384 52388 52413 52427 52438 52439 52443 52444 52455 52477 52488 52542 52567 52587 52588 52592 52604 52607 52612 52620 52622 52625 52629 52641 52652 52653 52655 52663 52699 52711 52714 52728 52737 52743 52746 52751 52786 52801 52852 52869 52873 52877 52887 52888 52906 52915 52919 52935 52937 52967 52974 52985 52988 52993 53002 53011 53012 53021 53025 53026 53043 53053 53106 53117 53124 53143 53192 53196 53198 53215 53225 53226 53236 53264 53267 53269 53278 53291 53292 53297 53298 53302 53307 53315 53316 53330 53331 53332 53341 53358 53361 53386 53396 53411 53419 53422 53428 53429 53436 53438 53449 53453 53456 53461 53469 53473 53480 53494 53510 53512 53531 53558 53564 53570 53590 53593 53604 53610 53615 53616 53620 53630 53645 53648 53649 53672 53678 53682 53686 53687 53692 53697 53712 53715 53720 53724 53737 53751 53759 53767 53778 53788 53791 53792 53804 53821 53822 53834 53841 53850 53862 53876 53897 53914 53925 53935 53937 53950 53955 53964 53965 53969 53975 53976 53989 53990 54002 54006 54023 54026 54036 54049 54052 54093 54099 54118 54125 54131 54132 54135 54155 54168 54199 54229 54233 54234 54249 54256 54278 54287 54288 54300 54307 54318 54337 54340 54342 54361 54362 54368 54372 54390 54409 54427 54431 54433 54434 54438 54461 54464 54470 54487 54507 54519 54521 54525 54528 54548 54554 54567 54588 54591 54595 54603 54620 54626 54644 54680 54683 54685 54689 54694 54701 54704 54710 54714 54715 54735 54763 54767 54769 54778 54788 54791 54797 54802 54824 54828 54838 54839 54843 54848 54864 54866 54867 54890 54899 54915 54916 54930 54933 54934 54936 54982 55004 55021 55024 55033 55041 55045 55047 55048 55052 55073 55077 55085 55089 55097 55100 55111 55115 55121 55122 55129 55130 55136 55137 55167 55176 55199 55203 55204 55232 55234 55246 55253 55260 55296 55321 55343 55346 55361 55378 55380 55384 55392 55400 55403 55409 55434 55445 55450 55456 55466 55470 55486 55507 55508 55513 55525 55533 55537 55553 55570 55572 55575 55584 55586 55592 55593 55609 55614 55621 55644 55646 55653 55654 55655 55657 55677 55681 55684 55685 55691 55693 55705 55720 55723 55759 55764 55771 55783 55809 55810 55811 55842 55845 55849 55854 55867 55889 55892 55893 55906 55915 55921 55932 55945 55955 55956 55974 55976 55983 55989 55992 55995 56019 56028 56035 56036 56051 56057 56062 56067 56076 56077 56080 56113 56119 56169 56204 56208 56215 56218 56219 56229 56230 56265 56272 56287 56293 56298 56300 56310 56313 56314 56324 56326 56352 56364 56372 56398 56403 56421 56430 56444 56445 56447 56450 56464 56467 56482 56483 56503 56509 56511 56512 56522 56524 56534 56537 56541 56549 56553 56557 56563 56573 56592 56595 56615 56627 56637 56688 56694 56695 56702 56721 56735 56738 56750 56772 56773 56776 56777 56779 56784 56806 56809 56867 56872 56888 56908 56912 56921 56929 56930 56935 56947 56962 56969 57000 57011 57015 57020 57025 57034 57038 57047 57057 57079 57093 57103 57104 57116 57117 57121 57124 57130 57149 57151 57156 57162 57167 57177 57181 57187 57203 57209 57212 57221 57222 57235 57269 57275 57280 57287 57289 57292 57298 57313 57331 57335 57344 57360 57388 57414 57460 57468 57502 57508 57519 57532 57534 57540 57551 57553 57573 57574 57594 57595 57623 57627 57653 57656 57665 57675 57695 57697 57725 57733 57744 57752 57753 57754 57755 57768 57788 57797 57813 57815 57831 57832 57838 57849 57867 57871 57872 57877 57891 57898 57911 57912 57914 57915 57921 57928 57933 57944 57956 58001 58024 58025 58037 58043 58061 58067 58068 58083 58092 58097 58102 58103 58104 58110 58111 58121 58126 58135 58136 58140 58155 58166 58189 58199 58214 58219 58221 58236 58243 58248 58260 58261 58269 58271 58283 58292 58322 58323 58335 58347 58351 58356 58357 58359 58366 58370 58379 58392 58409 58412 58426 58460 58467 58470 58489 58502 58503 58507 58524 58527 58530 58545 58571 58574 58586 58588 58595 58603 58607 58610 58614 58660 58675 58699 58718 58734 58748 58758 58759 58762 58781 58783 58784 58796 58798 58812 58814 58846 58847 58856 58861 58878 58890 58905 58908 58909 58947 58953 58957 58967 58972 58975 58990 59008 59019 59026 59030 59033 59036 59070 59071 59072 59101 59103 59108 59122 59141 59148 59160 59170 59196 59213 59219 59227 59230 59244 59246 59248 59259 59260 59263 59270 59272 59286 59291 59296 59301 59311 59320 59321 59337 59346 59371 59396 59397 59413 59418 59422 59434 59436 59437 59445 59448 59468 59470 59476 59478 59495 59497 59505 59506 59521 59522 59540 59548 59571 59573 59585 59591 59611 59620 59628 59641 59655 59668 59689 59694 59712 59741 59744 59766 59772 59782 59808 59809 59810 59825 59849 59852 59865 59880 59893 59895 59897 59900 59910 59916 59957 59997 59998 60000 60003 60018 60033 60036 60039 60050 60066 60096 60098 60109 60110 60121 60146 60188 60193 60196 60201 60208 60211 60240 60249 60254 60256 60258 60291 60296 60304 60306 60323 60340 60354 60362 60370 60376 60379 60404 60408 60409 60448 60454 60459 60463 60488 60497 60500 60503 60517 60520 60524 60525 60554 60562 60590 60612 60624 60628 60629 60634 60639 60642 60646 60671 60672 60676 60683 60684 60690 60695 60700 60702 60714 60722 60742 60746 60749 60767 60774 60783 60789 60794 60810 60823 60826 60827 60834 60835 60872 60874 60907 60941 60942 60953 60963 60978 60986 60989 61000 61044 61046 61055 61060 61073 61082 61093 61103 61133 61151 61157 61179 61195 61198 61201 61208 61216 61220 61225 61226 61255 61259 61264 61274 61281 61301 61305 61306 61336 61359 61366 61403 61419 61435 61444 61461 61466 61490 61509 61516 61522 61526 61532 61538 61542 61552 61564 61569 61573 61595 61598 61606 61608 61612 61617 61619 61628 61644 61663 61683 61685 61686 61696 61701 61703 61712 61731 61733 61749 61752 61776 61787 61796 61799 61801 61810 61812 61821 61823 61839 61840 61844 61867 61877 61879 61881 61906 61909 61929 61934 61939 61943 61945 61949 61970 61972 61975 61992 61994 61996 61999 62000 62012 62025 62032 62039 62101 62109 62118 62125 62127 62133 62138 62157 62183 62199 62219 62225 62233 62237 62242 62259 62263 62270 62274 62275 62278 62307 62316 62318 62335 62339 62350 62355 62359 62368 62372 62393 62397 62415 62439 62443 62450 62452 62468 62472 62508 62548 62558 62560 62567 62572 62575 62586 62588 62592 62593 62617 62621 62629 62645 62648 62661 62673 62675 62686 62695 62700 62708 62723 62728 62730 62735 62740 62744 62746 62749 62751 62772 62778 62782 62793 62807 62809 62823 62831 62842 62846 62847 62855 62859 62861 62871 62877 62884 62885 62892 62896 62903 62905 62906 62937 62949 62976 62986 62990 62995 63008 63023 63050 63060 63109 63124 63126 63128 63140 63145 63150 63169 63173 63177 63182 63185 63186 63193 63206 63210 63217 63238 63248 63250 63268 63274 63298 63312 63315 63320 63322 63329 63334 63356 63376 63383 63384 63400 63401 63402 63412 63416 63417 63433 63448 63455 63482 63486 63498 63522 63527 63542 63547 63565 63571 63577 63584 63585 63586 63611 63619 63638 63641 63643 63646 63647 63655 63656 63659 63662 63673 63682 63692 63694 63699 63700 63707 63715 63721 63727 63729 63730 63735 63738 63779 63783 63812 63841 63852 63862 63876 63889 63903 63906 63916 63921 63938 63941 63946 63971 63972 63973 63974 63983 63985 63996 63997 64006 64027 64037 64046 64048 64063 64070 64099 64109 64112 64117 64123 64141 64152 64153 64158 64164 64183 64203 64208 64223 64232 64242 64250 64263 64304 64334 64336 64351 64352 64367 64373 64376 64377 64387 64397 64430 64435 64448 64450 64459 64474 64481 64507 64544 64570 64577 64578 64582 64584 64593 64595 64605 64606 64613 64628 64631 64632 64635 64646 64650 64671 64691 64707 64710 64715 64737 64749 64751 64762 64796 64813 64833 64840 64860 64879 64886 64887 64900 64910 64919 64927 64942 64968 64969 64978 64982 64990 64992 64993 65026 65028 65031 65034 65044 65053 65055 65061 65064 65071 65091 65110 65115 65130 65133 65149 65150 65166 65171 65173 65174 65187 65188 65190 65224 65233 65241 65242 65267 65278 65284 65293 65322 65333 65336 65341 65343 65349 65368 65376 65384 65404 65412 65425 65439 65441 65445 65457 65462 65469 65482 65489 65506 65523 65542 65544 65552 65554 65556 65559 65565 65575 65587 65589 65592 65619 65620 65629 65638 65644 65648 65651 65659 65663 65688 65716 65727 65729 65730 65743 65751 65775 65791 65799 65843 65853 65860 65862 65868 65873 65882 65895 65898 65899 65905 65924 65935 65939 65946 65972 65993 66002 66009 66012 66016 66022 66033 66041 66046 66052 66068 66070 66071 66075 66086 66087 66092 66107 66108 66113 66120 66121 66141 66147 66158 66188 66190 66191 66197 66202 66208 66209 66247 66250 66251 66260 66275 66276 66290 66314 66315 66316 66322 66332 66343 66347 66356 66365 66369 66370 66385 66396 66409 66411 66433 66444 66449 66458 66463 66466 66472 66475 66477 66481 66499 66507 66508 66514 66549 66553 66559 66575 66599 66600 66621 66628 66645 66671 66673 66677 66680 66689 66724 66733 66744 66756 66766 66769 66792 66795 66806 66809 66819 66820 66824 66848 66852 66855 66862 66871 66878 66886 66891 66893 66899 66903 66927 66943 66944 66945 66962 66975 66976 66978 66980 66988 66992 67008 67027 67031 67053 67073 67086 67087 67100 67135 67140 67145 67149 67150 67153 67154 67156 67177 67178 67179 67187 67203 67205 67218 67220 67230 67235 67236 67264 67266 67271 67273 67275 67294 67295 67316 67318 67329 67332 67359 67364 67375 67411 67430 67438 67439 67449 67498 67530 67558 67569 67583 67585 67586 67592 67596 67608 67631 67636 67649 67663 67666 67687 67704 67705 67711 67722 67723 67735 67742 67744 67751 67770 67771 67774 67776 67779 67805 67811 67816 67826 67831 67835 67843 67861 67870 67872 67874 67880 67884 67887 67893 67898 67911 67931 67953 67954 67958 67961 67974 67984 68016 68050 68052 68057 68064 68082 68086 68094 68098 68101 68106 68131 68167 68197 68204 68210 68224 68227 68231 68248 68257 68310 68314 68317 68321 68325 68327 68332 68339 68343 68358 68385 68395 68396 68412 68413 68422 68424 68425 68427 68430 68431 68457 68469 68475 68484 68489 68495 68509 68510 68519 68537 68549 68558 68568 68571 68586 68588 68596 68605 68613 68614 68619 68638 68643 68644 68653 68658 68693 68696 68702 68712 68718 68719 68754 68760 68786 68799 68809 68810 68816 68822 68825 68827 68833 68835 68837 68843 68848 68851 68858 68859 68860 68876 68880 68892 68893 68915 68917 68918 68926 68939 68946 68978 68995 69004 69010 69022 69034 69041 69046 69059 69062 69069 69071 69082 69090 69139 69154 69188 69192 69201 69208 69235 69247 69262 69268 69273 69279 69295 69298 69313 69344 69354 69361 69376 69378 69416 69431 69437 69450 69462 69466 69468 69476 69484 69508 69516 69518 69527 69531 69536 69556 69619 69628 69646 69666 69702 69709 69732 69765 69779 69791 69793 69814 69844 69845 69853 69858 69862 69881 69885 69886 69895 69904 69914 69931 69938 69940 69949 69956 69963 69970 69975 69993 70019 70021 70032 70049 70070 70071 70073 70082 70095 70100 70102 70141 70147 70148 70162 70167 70173 70211 70225 70231 70234 70238 70240 70251 70270 70272 70279 70301 70305 70309 70313 70314 70323 70343 70359 70372 70383 70387 70400 70402 70405 70418 70420 70421 70424 70437 70443 70450 70456 70457 70465 70466 70471 70473 70480 70491 70496 70501 70503 70530 70549 70553 70562 70580 70583 70598 70624 70637 70641 70648 70671 70684 70690 70695 70704 70711 70715 70723 70757 70776 70796 70811 70818 70822 70824 70825 70827 70830 70842 70845 70858 70859 70870 70871 70872 70880 70886 70889 70899 70902 70911 70912 70917 70928 70932 70938 70951 70972 70984 70998 71006 71026 71040 71041 71050 71053 71063 71071 71073 71074 71079 71090 71100 71123 71133 71140 71143 71153 71159 71177 71189 71210 71290 71299 71319 71323 71334 71335 71337 71367 71368 71369 71433 71437 71440 71450 71455 71458 71464 71497 71500 71507 71526 71533 71543 71548 71560 71575 71577 71595 71603 71604 71627 71663 71723 71726 71741 71746 71750 71766 71774 71781 71785 71794 71800 71808 71811 71815 71847 71856 71864 71879 71882 71899 71902 71929 71935 71945 71948 71958 71970 71971 71975 71982 71994 72012 72023 72046 72050 72060 72064 72069 72075 72094 72104 72124 72144 72159 72168 72181 72190 72191 72197 72210 72212 72220 72245 72255 72259 72285 72289 72306 72308 72330 72339 72340 72343 72356 72365 72374 72385 72408 72410 72411 72420 72428 72442 72461 72464 72510 72515 72517 72518 72526 72553 72557 72611 72651 72652 72655 72660 72663 72667 72688 72691 72693 72696 72697 72726 72727 72741 72742 72744 72749 72760 72776 72783 72798 72805 72814 72819 72845 72846 72867 72873 72882 72888 72889 72894 72897 72906 72932 72941 72942 72949 72952 72958 72964 72969 72975 72977 72981 72983 72988 72991 73006 73030 73033 73040 73049 73075 73077 73089 73098 73100 73114 73124 73147 73154 73163 73168 73170 73186 73194 73203 73213 73220 73229 73238 73248 73254 73261 73262 73272 73300 73305 73316 73317 73323 73329 73336 73353 73359 73365 73371 73375 73395 73408 73434 73447 73449 73455 73468 73471 73472 73477 73496 73524 73541 73546 73549 73550 73570 73572 73573 73585 73597 73604 73628 73629 73642 73662 73667 73670 73672 73673 73690 73692 73697 73700 73706 73716 73723 73741 73747 73751 73754 73756 73762 73770 73774 73813 73814 73817 73821 73828 73832 73833 73835 73840 73842 73858 73861 73864 73877 73891 73942 73945 73955 73958 73961 73969 73990 73997 74013 74019 74022 74037 74048 74055 74066 74072 74075 74080 74083 74084 74089 74096 74100 74102 74106 74109 74113 74125 74130 74131 74170 74173 74210 74218 74225 74233 74240 74251 74254 74285 74292 74298 74315 74320 74323 74329 74352 74357 74380 74390 74393 74399 74407 74408 74409 74427 74429 74437 74447 74462 74468 74480 74498 74507 74510 74534 74538 74552 74575 74577 74578 74579 74591 74594 74596 74614 74624 74631 74637 74641 74648 74652 74654 74670 74687 74711 74721 74725 74766 74777 74781 74794 74797 74802 74815 74825 74844 74907 74908 74911 74912 74937 74939 74969 74971 74974 74985 75008 75009 75047 75049 75050 75073 75081 75085 75097 75104 75105 75112 75122 75126 75127 75130 75172 75175 75184 75194 75203 75222 75228 75252 75264 75276 75277 75281 75283 75290 75293 75308 75310 75315 75332 75334 75361 75362 75364 75365 75379 75381 75389 75398 75409 75428 75449 75450 75461 75468 75471 75483 75484 75492 75493 75494 75504 75514 75523 75529 75544 75545 75552 75567 75572 75574 75607 75623 75645 75657 75661 75667 75671 75705 75708 75721 75726 75735 75741 75763 75779 75781 75787 75795 75798 75807 75809 75818 75825 75826 75835 75836 75840 75875 75897 75906 75907 75914 75926 75940 75979 75991 75999 76019 76050 76051 76052 76054 76058 76069 76071 76096 76125 76135 76139 76152 76156 76165 76193 76213 76219 76220 76222 76227 76243 76266 76269 76281 76288 76295 76312 76332 76351 76352 76368 76373 76446 76450 76451 76453 76456 76458 76470 76488 76498 76504 76507 76527 76535 76537 76540 76551 76560 76583 76584 76591 76595 76620 76622 76632 76656 76671 76672 76683 76694 76706 76718 76731 76740 76753 76754 76763 76769 76775 76795 76797 76800 76817 76819 76822 76845 76849 76850 76865 76870 76885 76890 76901 76908 76918 76925 76930 76936 76939 76940 76944 76945 76957 76961 76964 76978 76982 76991 76994 77004 77014 77025 77030 77046 77084 77095 77098 77100 77113 77118 77120 77138 77143 77144 77145 77154 77158 77160 77164 77167 77169 77174 77184 77201 77209 77220 77266 77268 77288 77296 77299 77300 77307 77317 77321 77324 77328 77341 77342 77350 77363 77383 77384 77385 77397 77398 77400 77402 77407 77420 77440 77447 77457 77460 77479 77495 77501 77512 77538 77542 77548 77553 77589 77595 77597 77602 77606 77607 77608 77614 77616 77617 77623 77626 77629 77630 77642 77643 77648 77667 77676 77680 77682 77692 77704 77707 77716 77718 77733 77734 77747 77762 77768 77806 77809 77820 77822 77825 77828 77841 77863 77865 77876 77885 77887 77888 77889 77891 77909 77960 77969 77972 77993 78006 78046 78055 78063 78067 78071 78086 78087 78094 78095 78106 78118 78121 78124 78126 78130 78132 78134 78149 78155 78188 78196 78214 78231 78238 78247 78289 78297 78310 78334 78348 78360 78370 78379 78393 78400 78404 78418 78437 78438 78441 78443 78455 78456 78482 78485 78493 78494 78497 78520 78539 78540 78541 78551 78607 78616 78635 78638 78644 78647 78652 78667 78674 78677 78680 78681 78694 78716 78717 78718 78719 78726 78734 78741 78772 78803 78830 78831 78837 78838 78839 78851 78865 78869 78883 78917 78918 78920 78927 78940 78956 78964 78971 78972 78975 78988 78992 78996 79002 79007 79014 79021 79040 79073 79081 79089 79132 79137 79147 79150 79173 79182 79192 79219 79243 79244 79252 79253 79260 79270 79272 79274 79309 79320 79337 79358 79386 79391 79411 79423 79428 79431 79444 79450 79462 79464 79503 79519 79557 79558 79570 79571 79574 79585 79622 79636 79661 79668 79685 79693 79701 79708 79739 79741 79747 79751 79752 79758 79765 79776 79789 79790 79792 79802 79805 79813 79815 79867 79888 79903 79909 79919 79920 79924 79927 79963 79990 80004 80005 80011 80016 80017 80069 80082 80084 80102 80119 80146 80179 80186 80209 80214 80215 80231 80242 80248 80267 80268 80315 80324 80326 80346 80355 80356 80360 80371 80376 80381 80384 80387 80388 80391 80396 80405 80409 80438 80446 80473 80478 80503 80508 80522 80529 80539 80549 80589 80601 80612 80616 80630 80639 80640 80644 80646 80671 80688 80690 80692 80707 80735 80741 80771 80775 80776 80789 80791 80801 80810 80811 80813 80817 80819 80824 80833 80836 80839 80840 80853 80862 80863 80865 80888 80898 80919 80928 80929 80938 80949 80957 80987 80991 80993 81018 81034 81038 81065 81097 81098 81105 81109 81115 81116 81135 81151 81167 81168 81200 81204 81217 81247 81250 81254 81263 81269 81272 81275 81296 81303 81305 81323 81324 81327 81359 81362 81383 81399 81404 81438 81454 81459 81469 81472 81473 81479 81498 81499 81500 81523 81525 81537 81579 81582 81589 81611 81612 81625 81637 81640 81649 81656 81666 81668 81674 81693 81709 81734 81745 81752 81764 81770 81804 81809 81812 81820 81821 81825 81828 81830 81835 81843 81846 81860 81887 81891 81895 81905 81909 81930 81934 81948 81949 81950 81972 81983 81997 82006 82010 82022 82057 82061 82064 82098 82108 82111 82112 82123 82135 82140 82146 82150 82157 82159 82172 82189 82200 82201 82209 82214 82220 82227 82228 82247 82256 82270 82287 82292 82297 82299 82302 82311 82312 82338 82340 82342 82349 82351 82353 82363 82364 82374 82382 82389 82405 82419 82420 82426 82447 82451 82456 82471 82489 82491 82504 82506 82517 82531 82532 82537 82538 82540 82542 82558 82562 82564 82571 82585 82595 82597 82603 82621 82640 82643 82676 82679 82690 82700 82703 82707 82719 82729 82743 82760 82779 82789 82804 82811 82828 82829 82844 82845 82849 82867 82876 82883 82914 82919 82922 82944 82947 82972 82976 82990 83019 83039 83046 83053 83057 83075 83085 83087 83091 83096 83097 83103 83115 83125 83144 83164 83166 83179 83189 83198 83202 83206 83208 83220 83230 83235 83239 83252 83255 83263 83265 83283 83286 83287 83294 83301 83314 83335 83359 83371 83378 83414 83415 83437 83444 83450 83453 83457 83461 83478 83479 83498 83501 83509 83510 83518 83520 83537 83538 83539 83558 83560 83563 83568 83594 83622 83628 83633 83646 83651 83654 83657 83711 83713 83717 83721 83722 83723 83728 83750 83768 83772 83782 83819 83832 83837 83865 83869 83876 83883 83897 83912 83917 83929 83933 83946 83955 83975 83978 83995 84022 84029 84046 84062 84067 84078 84090 84102 84105 84112 84114 84115 84119 84129 84133 84134 84136 84140 84171 84187 84202 84206 84209 84230 84232 84233 84245 84248 84251 84274 84278 84279 84285 84296 84315 84316 84333 84336 84354 84355 84356 84375 84382 84393 84397 84410 84412 84414 84420 84430 84437 84450 84451 84471 84484 84493 84496 84497 84510 84514 84532 84544 84575 84577 84587 84591 84594 84608 84621 84626 84649 84662 84704 84706 84713 84717 84722 84727 84741 84747 84748 84753 84773 84783 84803 84806 84843 84844 84849 84866 84886 84887 84893 84894 84920 84923 84926 84933 84962 84965 84997 85020 85022 85025 85037 85050 85077 85078 85084 85093 85098 85104 85105 85110 85119 85126 85144 85164 85168 85175 85181 85182 85264 85278 85290 85293 85297 85306 85314 85332 85360 85370 85386 85395 85403 85412 85414 85419 85432 85443 85447 85448 85456 85478 85492 85509 85522 85571 85585 85603 85604 85615 85617 85624 85644 85649 85660 85663 85675 85683 85689 85694 85703 85753 85754 85761 85766 85779 85843 85845 85846 85851 85854 85860 85861 85916 85925 85938 85939 85943 85945 85948 85957 85979 85993 85995 86000 86001 86004 86010 86014 86018 86021 86044 86047 86053 86056 86059 86075 86087 86120 86134 86138 86151 86168 86198 86206 86220 86222 86238 86244 86247 86250 86262 86275 86292 86304 86313 86318 86325 86331 86342 86351 86355 86384 86415 86428 86437 86452 86454 86463 86474 86483 86515 86517 86520 86525 86526 86530 86539 86551 86557 86562 86565 86586 86604 86606 86617 86624 86647 86654 86657 86669 86671 86674 86698 86702 86706 86707 86715 86726 86727 86737 86747 86759 86791 86796 86829 86833 86846 86853 86857 86881 86898 86910 86920 86940 86943 86994 87018 87019 87028 87029 87032 87036 87037 87085 87087 87103 87107 87117 87138 87140 87165 87168 87170 87172 87174 87177 87182 87183 87198 87204 87225 87230 87233 87241 87246 87253 87259 87261 87272 87279 87281 87283 87290 87302 87304 87315 87325 87333 87354 87365 87370 87401 87417 87419 87426 87479 87483 87487 87495 87502 87508 87519 87523 87529 87547 87562 87565 87567 87571 87577 87579 87581 87589 87593 87596 87618 87626 87651 87657 87659 87667 87674 87681 87702 87712 87729 87747 87750 87755 87782 87784 87789 87792 87801 87807 87825 87827 87829 87847 87851 87859 87870 87871 87882 87896 87898 87899 87900 87907 87971 87995 88013 88015 88030 88043 88053 88058 88064 88068 88072 88073 88077 88086 88092 88140 88141 88144 88163 88168 88174 88178 88181 88199 88216 88226 88228 88233 88236 88253 88259 88268 88279 88291 88300 88308 88309 88319 88321 88327 88332 88351 88365 88375 88376 88390 88421 88429 88434 88436 88456 88459 88461 88467 88491 88499 88504 88510 88511 88515 88518 88526 88534 88575 88585 88586 88592 88604 88610 88618 88641 88650 88655 88666 88677 88724 88733 88744 88745 88746 88777 88820 88835 88857 88879 88917 88925 88926 88938 88951 88968 88976 88983 89011 89015 89031 89061 89067 89079 89081 89093 89095 89100 89107 89110 89144 89150 89166 89170 89182 89199 89222 89224 89239 89244 89258 89272 89277 89282 89287 89290 89291 89300 89312 89317 89320 89346 89353 89373 89377 89396 89422 89437 89440 89441 89452 89455 89462 89474 89475 89488 89494 89527 89575 89576 89584 89600 89628 89641 89648 89654 89661 89679 89681 89713 89717 89754 89767 89774 89775 89779 89788 89797 89808 89823 89824 89825 89826 89842 89843 89875 89878 89880 89882 89900 89912 89913 89925 89931 89942 89947 89954 89958 89972 89977 89995 90001 90002 90011 90033 90055 90058 90059 90066 90068 90070 90073 90092 90094 90099 90100 90107 90110 90113 90161 90175 90193 90207 90226 90244 90249 90254 90256 90281 90291 90311 90335 90341 90348 90351 90427 90440 90456 90464 90475 90486 90497 90507 90508 90513 90515 90524 90533 90536 90554 90575 90611 90618 90628 90674 90680 90690 90692 90697 90728 90740 90751 90752 90761 90764 90793 90798 90804 90808 90809 90822 90826 90828 90829 90831 90852 90870 90872 90875 90880 90883 90884 90901 90915 90916 90918 90932 90956 90969 90971 90978 90986 90997 91001 91012 91032 91039 91055 91058 91067 91069 91070 91076 91087 91094 91095 91100 91101 91102 91104 91108 91109 91130 91139 91141 91144 91163 91169 91191 91200 91209 91211 91225 91239 91244 91269 91282 91292 91295 91308 91309 91313 91332 91343 91344 91359 91366 91388 91395 91398 91403 91405 91413 91414 91427 91431 91434 91470 91471 91472 91477 91482 91488 91489 91508 91510 91511 91513 91525 91530 91531 91539 91544 91545 91546 91553 91565 91570 91573 91585 91602 91611 91620 91622 91638 91654 91656 91664 91685 91687 91705 91716 91737 91747 91780 91790 91797 91801 91802 91803 91816 91819 91839 91843 91849 91855 91864 91898 91904 91916 91926 91934 91962 91964 91970 91980 91983 92014 92016 92023 92036 92051 92053 92059 92072 92075 92084 92086 92087 92088 92093 92110 92125 92131 92157 92163 92170 92173 92175 92193 92196 92219 92223 92225 92230 92234 92239 92248 92254 92270 92275 92305 92319 92329 92332 92333 92340 92343 92353 92421 92426 92441 92449 92458 92472 92485 92486 92500 92502 92522 92532 92539 92542 92544 92552 92576 92583 92591 92595 92604 92617 92631 92635 92637 92640 92646 92649 92659 92660 92664 92667 92674 92684 92694 92703 92704 92711 92721 92727 92730 92734 92737 92750 92763 92766 92787 92798 92801 92810 92815 92816 92834 92835 92848 92850 92853 92855 92889 92903 92907 92925 92933 92941 92946 92963 92966 92974 92982 92995 92998 93012 93013 93015 93024 93037 93054 93073 93093 93095 93101 93106 93114 93116 93117 93134 93138 93140 93168 93170 93180 93187 93204 93209 93222 93243 93251 93257 93274 93278 93284 93289 93299 93332 93343 93359 93385 93397 93410 93447 93449 93460 93468 93470 93472 93476 93482 93548 93550 93561 93569 93572 93578 93583 93604 93608 93610 93625 93646 93647 93651 93686 93687 93688 93699 93735 93744 93764 93766 93784 93792 93793 93797 93799 93801 93845 93858 93872 93881 93883 93887 93897 93907 93929 93938 93944 93948 93949 93955 93956 93957 93999 94007 94026 94027 94038 94050 94066 94076 94084 94087 94093 94099 94136 94149 94180 94181 94185 94203 94206 94222 94223 94235 94236 94243 94249 94252 94259 94263 94264 94265 94290 94293 94309 94328 94345 94353 94372 94373 94375 94381 94419 94432 94451 94462 94463 94481 94490 94494 94503 94571 94577 94588 94601 94610 94614 94616 94622 94630 94661 94669 94678 94681 94694 94699 94726 94730 94739 94740 94743 94768 94775 94783 94789 94793 94798 94805 94853 94877 94894 94905 94906 94912 94916 94922 94927 94931 94934 94938 94963 94966 94977 94981 95014 95033 95078 95103 95106 95121 95136 95141 95144 95148 95150 95151 95182 95187 95188 95190 95203 95204 95205 95210 95214 95220 95222 95236 95243 95248 95251 95256 95269 95279 95284 95300 95312 95314 95317 95320 95325 95333 95348 95351 95369 95378 95385 95428 95434 95435 95438 95447 95452 95472 95494 95515 95516 95522 95533 95549 95554 95564 95568 95585 95590 95596 95597 95626 95633 95649 95676 95683 95696 95701 95706 95713 95724 95726 95735 95738 95747 95752 95754 95791 95795 95820 95828 95843 95874 95876 95878 95884 95896 95897 95898 95901 95902 95914 95921 95922 95944 95955 95961 95969 95988 95991 95996 95998 96006 96007 96012 96030 96062 96064 96070 96073 96078 96085 96086 96088 96092 96105 96119 96144 96146 96151 96160 96184 96187 96192 96226 96227 96246 96250 96260 96265 96273 96285 96287 96300 96321 96334 96340 96344 96347 96351 96356 96362 96364 96368 96376 96388 96392 96399 96404 96406 96410 96420 96432 96454 96456 96473 96487 96490 96499 96523 96533 96535 96561 96562 96566 96574 96599 96600 96614 96620 96625 96629 96634 96637 96648 96652 96678 96686 96688 96695 96699 96713 96725 96746 96750 96761 96767 96778 96783 96786 96794 96802 96805 96809 96820 96824 96840 96841 96858 96862 96867 96868 96885 96888 96894 96903 96909 96911 96939 96944 96964 96966 96972 96980 96988 96991 96992 96995 97002 97006 97017 97019 97023 97024 97035 97059 97064 97087 97094 97102 97110 97152 97167 97188 97194 97200 97238 97243 97249 97250 97256 97267 97270 97281 97289 97304 97306 97317 97352 97358 97364 97368 97370 97374 97388 97395 97412 97436 97437 97444 97459 97468 97470 97484 97501 97530 97533 97552 97560 97564 97573 97589 97591 97595 97631 97633 97635 97644 97645 97654 97683 97713 97735 97744 97749 97753 97757 97759 97768 97772 97779 97781 97785 97789 97794 97802 97803 97804 97820 97838 97843 97848 97851 97870 97879 97889 97917 97945 97949 97980 97988 97989 98002 98003 98010 98026 98033 98050 98052 98055 98065 98077 98087 98092 98106 98116 98123 98137 98144 98152 98159 98169 98188 98207 98225 98227 98237 98250 98260 98268 98270 98273 98285 98292 98306 98326 98357 98371 98404 98414 98441 98453 98458 98478 98483 98494 98497 98517 98521 98526 98528 98539 98549 98550 98553 98560 98601 98603 98620 98631 98644 98648 98651 98660 98666 98680 98682 98686 98687 98699 98706 98714 98717 98744 98745 98760 98774 98780 98783 98786 98813 98826 98840 98841 98852 98878 98889 98898 98907 98913 98922 98926 98927 98931 98937 98960 98962 98964 98968 98973 98975 98986 99014 99028 99034 99042 99043 99054 99065 99079 99086 99090 99092 99097 99098 99111 99115 99119 99131 99153 99155 99169 99170 99174 99182 99184 99190 99208 99213 99231 99233 99246 99255 99260 99266 99271 99277 99286 99290 99293 99297 99327 99351 99355 99370 99404 99412 99430 99448 99467 99494 99500 99517 99528 99537 99554 99569 99571 99589 99601 99602 99604 99608 99629 99665 99674 99683 99684 99689 99704 99706 99734 99735 99741 99750 99760 99762 99763 99765 99786 99808 99811 99813 99827 99851 99858 99868 99880 99895 99909 99920 99924 99927 99930 99943 99949 99961 99962 99963 99965 99973 99976 99978 99981 99993